F 1824.852682 1876.837708 3.728039
E -0.744241 11.766843 6.824244 0.133849
W C 1291.0 1881.0 383.0 1458.0 482.0 682.0 1191.0 747.0 1693.0 1043.0 1805.0 190.0
F 1824.978072 1877.541240 3.732498
E -0.760462 8.558465 4.849680 0.112721
W C 1291.0 1881.0 383.0 1458.0 482.0 682.0 1191.0 747.0 1693.0 1043.0 1805.0 190.0
F 1825.605049 1876.990550 3.734482
E -0.768132 7.092090 3.967807 0.099216
W C 1291.0 1881.0 383.0 1458.0 482.0 682.0 1191.0 747.0 1693.0 1043.0 1805.0 190.0
F 1825.710255 1877.163641 3.735986
E -0.772674 6.197655 3.440128 0.089633
W C 1291.0 1881.0 383.0 1458.0 482.0 682.0 1191.0 747.0 1693.0 1043.0 1805.0 190.0
F 1825.444442 1876.557778 3.736772
E -0.775562 5.577282 3.079179 0.082380
W C 1291.0 1881.0 383.0 1458.0 482.0 682.0 1191.0 747.0 1693.0 1043.0 1805.0 190.0
F 1825.149920 1876.560741 3.737600
E -0.777621 5.113538 2.812367 0.076644
W C 1291.0 1881.0 383.0 1458.0 482.0 682.0 1191.0 747.0 1693.0 1043.0 1805.0 190.0
F 1825.183760 1876.822864 3.738293
E -0.779140 4.749902 2.604716 0.071960
W C 1291.0 1881.0 383.0 1458.0 482.0 682.0 1191.0 747.0 1693.0 1043.0 1805.0 190.0
F 1825.218347 1877.129009 3.738894
E -0.780287 4.454759 2.437146 0.068042
W C 1291.0 1881.0 383.0 1458.0 482.0 682.0 1191.0 747.0 1693.0 1043.0 1805.0 190.0
F 1825.249645 1877.047287 3.739200
E -0.781173 4.208897 2.298229 0.064701
W C 1291.0 1881.0 383.0 1458.0 482.0 682.0 1191.0 747.0 1693.0 1043.0 1805.0 190.0
F 1825.193622 1877.068254 3.739484
E -0.781897 3.999869 2.180647 0.061808
W C 1291.0 1881.0 383.0 1458.0 482.0 682.0 1191.0 747.0 1693.0 1043.0 1805.0 190.0
F 1825.115068 1877.171375 3.739826
E -0.782481 3.819262 2.079445 0.059272
W C 1291.0 1881.0 383.0 1458.0 482.0 682.0 1191.0 747.0 1693.0 1043.0 1805.0 190.0
F 1825.129349 1877.264580 3.740091
E -0.782969 3.661204 1.991132 0.057024
W C 1291.0 1881.0 383.0 1458.0 482.0 682.0 1191.0 747.0 1693.0 1043.0 1805.0 190.0
F 1825.081130 1877.395245 3.740371
E -0.783381 3.521339 1.913186 0.055014
W C 1291.0 1881.0 383.0 1458.0 482.0 682.0 1191.0 747.0 1693.0 1043.0 1805.0 190.0
F 1804.177843 1863.029888 3.742258
E 0.486027 4.779819 2.979052 0.083685
W C 1291.0 1881.0 383.0 1458.0 482.0 682.0 1191.0 747.0 1693.0 1043.0 1805.0 190.0
F 1767.887938 1836.622506 3.760215
E 0.447281 6.210841 3.982770 0.104446
W C 1291.0 1881.0 383.0 1458.0 482.0 682.0 1191.0 747.0 1693.0 1043.0 1805.0 190.0
F 1729.651471 1809.468683 -2.525028
E 0.314876 6.481841 4.931051 0.102618
W C 1291.0 1881.0 383.0 1458.0 482.0 682.0 1191.0 747.0 1693.0 1043.0 1805.0 190.0
F 1693.850379 1784.726384 -2.532885
E 0.363098 6.657590 5.720329 0.110336
W C 1291.0 1881.0 383.0 1458.0 482.0 682.0 1191.0 747.0 1693.0 1043.0
F 1694.615950 1785.072090 -2.532204
E 0.023395 5.128391 4.743712 0.090904
W C 1291.0 1881.0 383.0 1458.0 482.0 682.0 1191.0 747.0 1693.0 1043.0
F 1659.591822 1760.619697 -2.533702
E 0.488824 6.622905 5.263741 0.109767
W C 1291.0 1881.0 383.0 1458.0 482.0 682.0 1191.0 747.0 1693.0 1043.0
F 1621.991556 1735.712174 -2.545070
E 0.454859 6.881373 5.600276 0.108954
W C 1291.0 1881.0 383.0 1458.0 482.0 682.0 1191.0 747.0 1693.0 1043.0
F 1586.569741 1709.948040 -2.531893
E 0.435592 7.056747 5.610462 0.108307
W C 1291.0 1881.0 383.0 1458.0 482.0 682.0 1191.0 747.0 1693.0 1043.0
F 1550.470460 1684.498508 -2.532101
E 0.449925 7.221354 5.487607 0.107789
W C 1291.0 1881.0 383.0 1458.0 482.0 682.0 1191.0 747.0 1693.0 1043.0
F 1549.979958 1685.179425 -2.542218
E 0.370339 5.560546 4.563214 0.089802
W C 1291.0 1881.0 383.0 1458.0 482.0 682.0 1191.0 747.0 1693.0 1043.0
F 1511.712377 1657.690905 -2.530349
E 0.487107 7.226809 4.692816 0.106484
W C 1291.0 1881.0 383.0 1458.0 482.0 682.0 1191.0 747.0 1693.0 1043.0
F 1475.879521 1632.838964 -2.532765
E 0.358371 7.619913 5.573713 0.116300
W C 383.0 1458.0 482.0 682.0 1191.0 747.0 1693.0 1043.0
F 1475.195953 1633.084251 -2.540772
E 0.235081 5.972197 4.641540 0.096212
W C 383.0 1458.0 482.0 682.0 1191.0 747.0 1693.0 1043.0
F 1437.624256 1607.916033 -2.547637
E 0.363128 7.535747 4.905780 0.105584
W C 383.0 1458.0 482.0 682.0 1191.0 747.0 1805.0 190.0 1693.0 1043.0
F 1400.145935 1582.657697 -2.548671
E 0.374383 7.758894 4.651505 0.098832
W C 1291.0 1881.0 383.0 1458.0 482.0 682.0 1191.0 747.0 1805.0 190.0 1693.0 1043.0
F 1363.711797 1560.037781 -2.569313
E 0.383320 7.791100 4.486053 0.099119
W C 1291.0 1881.0 383.0 1458.0 482.0 682.0 1191.0 747.0 1805.0 190.0 1693.0 1043.0
F 1324.917736 1534.495363 -2.559882
E 0.427546 7.854879 4.736972 0.103649
W C 383.0 1458.0 482.0 682.0 1191.0 747.0 1805.0 190.0 1693.0 1043.0
F 1287.683703 1508.925599 -2.547159
E 0.468200 7.884354 4.886100 0.103052
W C 383.0 1458.0 482.0 682.0 1191.0 747.0 1805.0 190.0 1693.0 1043.0
F 1287.279140 1508.438489 -2.544708
E 0.443881 6.119699 4.061631 0.085629
W C 383.0 1458.0 482.0 682.0 1191.0 747.0 1805.0 190.0 1693.0 1043.0
F 1249.560284 1483.787896 -2.554957
E 0.537613 7.712567 4.310321 0.102466
W C 383.0 1458.0 482.0 682.0 1191.0 747.0 1805.0 190.0 1693.0 1043.0
F 1212.554442 1459.941726 -2.561034
E 0.551160 7.950490 4.679169 0.101332
W C 383.0 1458.0 482.0 682.0 1191.0 747.0 1805.0 190.0 1693.0 1043.0
F 1176.723374 1434.351289 -2.539114
E 0.573837 8.044700 4.795465 0.101636
W C 383.0 1458.0 482.0 682.0 1191.0 747.0 1805.0 190.0 1693.0 1043.0
F 1177.228118 1434.122824 -2.535212
E 0.572630 6.254248 3.986338 0.084535
W C 383.0 1458.0 482.0 682.0 1191.0 747.0 1805.0 190.0 1693.0 1043.0
F 1138.955413 1408.000007 -2.541202
E 0.550732 8.103542 4.499408 0.109018
W C 383.0 1458.0 482.0 682.0 1191.0 747.0 1805.0 190.0
F 1101.985051 1382.864461 -2.543026
E 0.530827 8.506808 5.152782 0.107693
W C 383.0 1458.0 482.0 682.0 1191.0 747.0 1805.0 190.0
F 1064.748012 1358.400950 -2.552674
E 0.542678 8.707914 5.334258 0.107768
W C 383.0 1458.0 482.0 682.0 1191.0 747.0 1805.0 190.0
F 1026.360059 1334.529967 -2.569067
E 0.562759 8.903098 5.304881 0.108192
W C 383.0 1458.0 482.0 682.0 1191.0 747.0 1805.0 190.0
F 1026.546748 1335.532438 -2.575462
E 0.559459 7.029205 4.406979 0.090880
W C 383.0 1458.0 482.0 682.0 1191.0 747.0 1805.0 190.0
F 989.436964 1311.192410 -2.566195
E 0.573490 8.770803 4.579857 0.107323
W C 383.0 1458.0 482.0 682.0 1191.0 747.0 1805.0 190.0
F 952.687312 1287.940634 -2.570051
E 0.600572 9.244711 4.932258 0.105679
W C 383.0 1458.0 482.0 682.0 1191.0 747.0 1805.0 190.0
F 914.178049 1266.877262 -2.603920
E 0.620411 9.512799 5.022545 0.105660
W C 383.0 1458.0 482.0 682.0 1191.0 747.0 1805.0 190.0
F 915.205977 1266.799924 -2.593931
E 0.628051 7.597737 4.164248 0.088614
W C 383.0 1458.0 482.0 682.0 1191.0 747.0 1805.0 190.0
F 876.023652 1243.223116 -2.594742
E 0.613579 9.363466 4.398252 0.105566
W C 383.0 1458.0 482.0 682.0 1191.0 747.0 1805.0 190.0
F 837.007009 1220.359057 -2.601574
E 0.633255 9.895628 4.767038 0.104316
W C 383.0 1458.0 482.0 682.0 1191.0 747.0 1805.0 190.0
F 798.623475 1199.168056 -2.614968
E 0.643628 10.193663 4.879260 0.104786
W C 383.0 1458.0 482.0 682.0 1191.0 747.0 1805.0 190.0
F 758.459672 1176.754253 -2.621319
E 0.610512 10.493606 5.388887 0.114146
W C 383.0 1458.0 482.0 682.0 1191.0 747.0
F 759.337490 1177.486904 -2.620255
E 0.614569 8.510140 4.493464 0.095960
W C 383.0 1458.0 482.0 682.0 1191.0 747.0
F 718.919172 1154.812534 -2.623195
E 0.577785 10.209353 4.994998 0.113414
W C 383.0 1458.0 482.0 682.0 1191.0 747.0
F 680.624126 1132.709120 -2.618576
E 0.562375 10.755297 5.463062 0.112676
W C 383.0 1458.0 482.0 682.0 1191.0 747.0
F 644.425227 1110.538367 -2.602594
E 0.542564 11.006457 5.600627 0.113051
W C 383.0 1458.0 482.0 682.0 1191.0 747.0
F 645.411799 1110.916701 -2.602438
E 0.470367 9.430370 4.890634 0.100349
W C 383.0 1458.0 482.0 682.0
F 605.892539 1087.933378 -2.611428
E 0.379899 12.083065 5.600931 0.126470
W C 383.0 1458.0 482.0 682.0
F 566.523225 1065.275151 -2.615873
E 0.279649 14.206521 6.230278 0.127970
W C 383.0 1458.0 482.0 682.0
F 528.974552 1042.332743 -2.608683
E 0.220517 16.467630 6.400686 0.129363
W C 383.0 1458.0 482.0 682.0
F 528.692916 1042.603592 -2.613465
E 0.212579 15.128496 5.233654 0.111668
W C 383.0 1458.0 482.0 682.0
F 491.275046 1018.773175 -2.595535
E 0.205049 17.994968 5.809456 0.129558
W C 383.0 1458.0 482.0 682.0
F 454.593084 995.710815 -2.594242
E 0.190743 20.872730 6.231880 0.130742
W C 383.0 1458.0 482.0 682.0
F 418.264750 972.660262 -2.584338
E 0.190307 22.949760 6.394557 0.129657
W C 383.0 1458.0 482.0 682.0
F 383.379240 947.869973 -2.523366
E 0.219030 23.251647 6.617511 0.134623
W C 383.0 1458.0 482.0 682.0
F 385.398551 948.538646 -2.527834
E 0.214191 21.119715 5.401610 0.115965
W C 383.0 1458.0 482.0 682.0
F 353.273926 918.081338 -2.413803
E 0.385740 23.525487 7.256529 0.153473
W C 482.0 682.0
F 326.240561 885.277802 -2.304823
E 0.700011 21.063574 7.009618 0.154975
W C 482.0 682.0 1805.0 190.0
F 300.372647 850.743349 -2.219425
E 2.465899 6.364381 22.446616 0.151896
W C 482.0 682.0 1805.0 190.0
F 277.835680 813.575374 -2.126406
E 2.596766 6.070435 24.898345 0.147212
W C 482.0 682.0 1805.0 190.0
F 278.992759 814.713153 -2.121710
E 2.591327 5.035955 24.078589 0.128277
W C 482.0 682.0 1805.0 190.0
F 261.734700 774.952623 -2.008682
E 2.702065 5.264284 27.008021 0.144395
W C 482.0 682.0 1805.0 190.0
F 248.398795 732.474092 -1.896893
E 2.837763 6.914566 29.922015 0.172844
W C 482.0 682.0
F 239.553986 689.599698 -1.790834
E 2.999180 7.956247 32.662180 0.187240
W C 482.0 682.0
F 236.315590 645.144880 -1.676325
E -3.110036 8.374822 35.628259 0.202576
W C 482.0 682.0
F 236.315590 645.144880 -1.676325
E -3.110036 8.374822 35.628259 0.202576
W C 
F 240.889583 599.578249 -1.498448
E -2.939628 13.572881 40.086855 0.294804
W C 
F 253.972639 556.733293 -1.307061
E -2.721588 22.712009 44.582529 0.368399
W C 
F 277.309871 517.133181 -1.096887
E -2.814635 11.525137 44.477366 0.196096
W C 1693.0 1043.0
F 278.311776 516.039073 -1.117769
E -2.865623 8.976499 42.618912 0.170019
W C 1191.0 747.0
F 305.073958 483.377983 -0.932150
E -2.792524 8.065380 44.328729 0.186264
W C 1693.0 1043.0
F 335.460895 454.685950 -0.778192
E -2.737973 8.468922 45.556601 0.179432
W C 1693.0 1043.0
F 369.269064 431.409437 -0.631656
E -2.702222 8.863066 46.571334 0.175225
W C 1693.0 1043.0
F 368.496756 431.693660 -0.630741
E -2.706910 7.272556 46.505467 0.152761
W C 1693.0 1043.0
F 405.527553 414.519228 -0.473075
E -2.673422 8.671612 47.546399 0.177618
W C 1693.0 1043.0
F 445.664229 403.298880 -0.319958
E -2.653442 9.384371 48.482366 0.182825
W C 1693.0 1043.0
F 488.815507 398.344016 -0.153364
E -2.634317 10.109483 49.632306 0.198874
W C 1693.0 1043.0
F 530.129289 397.799849 -0.023167
E -2.621918 10.437752 50.779681 0.211422
W C 1693.0 1043.0
F 530.138868 397.828338 -0.022857
E -2.623214 8.344750 50.346214 0.188751
W C 1693.0 1043.0
F 569.844693 403.787171 0.118553
E -2.611157 10.311006 51.357169 0.216765
W C 1693.0 1043.0
F 612.039882 415.355276 0.261705
E -2.606982 10.880905 52.539549 0.234395
W C 1693.0 1043.0
F 649.805375 430.914282 0.389795
E -2.606884 11.056127 53.861260 0.246768
W C 1693.0 1043.0
F 648.594658 431.700474 0.398304
E -2.605913 8.680160 52.919695 0.218062
W C 1693.0 1043.0
F 688.054235 452.251033 0.446346
E -2.606251 10.002276 54.164821 0.227310
W C 1693.0 1043.0
F 726.453456 476.332455 0.483860
E -2.605982 10.263351 55.628462 0.231957
W C 1693.0 1043.0
F 764.577692 502.030889 0.515530
E -2.607458 10.325245 57.133125 0.234600
W C 1693.0 1043.0
F 799.029591 528.023555 0.549602
E -2.610774 10.310511 58.511674 0.235167
W C 1693.0 1043.0
F 796.382539 530.693808 0.570926
E -2.613862 8.331925 56.791325 0.209699
W C 1693.0 1043.0
F 831.841512 557.413414 0.592563
E -2.620106 9.902725 57.834270 0.222203
W C 1693.0 1043.0
F 869.376468 585.186856 0.606582
E -2.627434 10.253090 58.830392 0.228561
W C 1693.0 1043.0
F 906.241697 612.973577 0.617970
E -2.635063 10.344932 59.716954 0.231610
W C 1693.0 1043.0
F 941.518115 641.277237 0.629373
E -2.396850 9.038988 21.400638 0.199346
W C 1693.0 1043.0 1291.0 1881.0
F 942.051588 641.054556 0.631718
E -0.779952 16.548386 7.017197 0.173543
W C 1693.0 1043.0 1291.0 1881.0
F 977.055360 669.070158 0.645919
E -0.635764 13.657698 8.321472 0.178179
W C 1693.0 1043.0 1291.0 1881.0
F 1011.567834 696.357154 0.653167
E -0.556586 12.672516 8.457861 0.169872
W C 1693.0 1043.0 1291.0 1881.0
F 1048.356856 722.813150 0.643586
E -0.524313 12.328999 8.542749 0.161632
W C 1693.0 1043.0 1291.0 1881.0
F 1048.114483 723.093884 0.645964
E -0.561773 10.460646 6.770350 0.138582
W C 1693.0 1043.0 1291.0 1881.0
F 1083.433042 750.528826 0.651194
E -0.407246 10.843483 8.188638 0.152524
W C 1693.0 1043.0 1291.0 1881.0
F 1119.099201 776.909801 0.644604
E -0.411119 11.181017 8.525590 0.152178
W C 1693.0 1043.0 1291.0 1881.0
F 1155.249457 805.659962 0.654962
E -0.406353 11.220729 8.623250 0.149389
W C 1693.0 1043.0 1291.0 1881.0
F 1190.041984 832.321247 0.652967
E -0.378898 11.032592 8.727993 0.148051
W C 1693.0 1043.0 1291.0 1881.0
F 1189.364124 832.313343 0.654083
E -0.449878 9.192348 6.970321 0.127145
W C 1693.0 1043.0 1291.0 1881.0
F 1225.169466 859.310174 0.658211
E -0.093976 9.752610 8.245514 0.144420
W C 1693.0 1043.0 1291.0 1881.0
F 1258.192722 889.890942 0.732986
E 0.092961 10.133381 8.879352 0.151666
W C 1693.0 1043.0 1291.0 1881.0
F 1286.592533 921.719113 0.836395
E 0.586228 10.450597 9.249124 0.164055
W C 1693.0 1043.0 1291.0 1881.0
F 1288.210251 920.080534 0.804382
E 0.150740 8.211126 7.611382 0.137808
W C 1693.0 1043.0 1291.0 1881.0
F 1314.427417 959.085760 0.958656
E 2.472771 7.991378 10.650731 0.167686
W C 1693.0 1043.0 1291.0 1881.0
F 1331.036155 996.226956 1.100498
E 2.614234 8.132151 10.912322 0.159560
W C 1693.0 1043.0 1291.0 1881.0
F 1345.610099 1032.911039 1.183172
E 2.694972 7.956773 11.138693 0.152737
W C 1693.0 1043.0 1291.0 1881.0
F 1344.973646 1032.559945 1.180901
E 2.658810 6.648829 8.787709 0.128781
W C 1693.0 1043.0 1291.0 1881.0
F 1354.518287 1071.850329 1.300738
E 2.753783 6.802172 11.043622 0.150754
W C 1693.0 1043.0 1291.0 1881.0
F 1358.768764 1112.865519 1.424305
E 2.741535 7.240967 11.467694 0.148965
W C 1693.0 1043.0 1291.0 1881.0
F 1360.521430 1152.360161 1.509095
E 2.710166 7.637696 11.754144 0.153808
W C 1693.0 1043.0 1291.0 1881.0
F 1356.322055 1190.892823 1.638799
E 2.692990 7.901108 11.828974 0.164787
W C 1693.0 1043.0 1291.0 1881.0
F 1357.085958 1191.641019 1.630735
E 2.789245 6.205780 8.302362 0.127502
W C 1693.0 1043.0 1291.0 1881.0 482.0 682.0
F 1347.679465 1226.008234 1.794526
E -2.808679 6.810077 11.019909 0.171070
W C 1291.0 1881.0 482.0 682.0
F 1333.080733 1260.797622 1.940496
E -0.718649 13.054707 9.246382 0.227690
W C 1291.0 1881.0
F 1313.850000 1291.246692 2.098199
E -0.298425 17.709357 10.188563 0.248154
W C 1291.0 1881.0
F 1313.486542 1290.859763 2.104175
E -0.227045 16.123378 8.245780 0.217192
W C 1291.0 1881.0
F 1286.997972 1317.207882 2.297888
E -0.227993 21.820270 9.760962 0.240065
W C 1291.0 1881.0
F 1257.454334 1337.993626 2.476148
E -0.202476 26.359234 9.622632 0.230084
W C 1291.0 1881.0
F 1226.305287 1354.644979 2.628881
E -0.193916 29.532254 9.083948 0.209304
W C 1291.0 1881.0
F 1190.724784 1367.807899 2.743133
E -0.192642 30.783346 8.543955 0.179033
W C 1291.0 1881.0
F 1188.326408 1366.777266 2.768365
E -0.208358 30.019977 7.161313 0.154455
W C 1291.0 1881.0
F 1143.054562 1381.553457 2.802979
E -0.228542 31.090563 7.476797 0.151776
W C 1291.0 1881.0
F 1099.791825 1393.853201 2.848618
E -0.395562 25.972918 6.737724 0.136366
W C 1291.0 1881.0 482.0 682.0
F 1058.744260 1403.498198 2.884518
E -0.519465 27.421600 7.522200 0.157871
W C 482.0 682.0
F 1059.818852 1401.346121 2.908386
E -0.536685 26.638817 6.328427 0.142141
W C 482.0 682.0
F 1016.838153 1408.927057 2.936849
E -0.586683 29.105410 7.598697 0.153921
W C 482.0 682.0
F 974.461749 1417.854226 2.940988
E -0.587484 31.079800 8.367652 0.149537
W C 482.0 682.0
F 931.704909 1425.420989 2.955305
E -0.560374 32.676413 8.600254 0.147696
W C 482.0 682.0
F 932.559397 1424.714257 2.963993
E -0.548471 32.406122 7.076495 0.129810
W C 482.0 682.0
F 889.552275 1430.321686 2.988256
E -0.516240 33.897591 7.743292 0.146991
W C 482.0 682.0
F 845.765540 1435.877893 3.004725
E -0.473620 35.260112 8.281461 0.148379
W C 482.0 682.0
F 801.668364 1439.978011 3.025041
E -0.425723 36.521118 8.472336 0.148483
W C 482.0 682.0
F 757.467559 1442.990738 3.050169
E -0.375398 37.722595 8.497799 0.149059
W C 482.0 682.0
F 713.254808 1446.898487 3.054820
E -0.323531 38.877212 8.473046 0.149704
W C 482.0 682.0
F 713.381343 1446.277997 3.061938
E -0.318940 38.806654 6.993736 0.132537
W C 482.0 682.0
F 668.706170 1448.581535 3.077325
E -0.268941 39.985082 7.500532 0.149243
W C 482.0 682.0
F 624.261010 1451.415710 3.079165
E -0.216662 41.118264 8.038223 0.148879
W C 482.0 682.0
F 579.542304 1452.976029 3.093669
E -0.161795 42.299417 8.267489 0.148927
W C 482.0 682.0
F 579.604878 1452.043205 3.103067
E -0.158849 42.268939 6.798975 0.131621
W C 482.0 682.0
F 534.571079 1453.829792 3.106462
E -0.104695 43.485191 7.367507 0.149561
W C 482.0 682.0
F 490.014974 1445.339161 -2.999147
E -0.042533 46.041787 8.022917 0.173870
W C 482.0 682.0
F 451.198691 1427.030587 -2.758083
E 0.033571 49.613515 8.790995 0.206046
W C 482.0 682.0
F 425.542225 1405.005333 -2.523916
E 0.103159 51.647464 14.685096 0.310652
W C 
F 422.060762 1404.713986 -2.554649
E 0.082642 51.230053 9.120064 0.208975
W C 482.0 682.0
F 395.369167 1377.585059 -2.373738
E 0.128084 52.350340 9.827566 0.220479
W C 482.0 682.0
F 373.090564 1346.729326 -2.203001
E 0.165449 52.995114 10.293589 0.229969
W C 482.0 682.0
F 356.076606 1315.610868 -2.047058
E 0.200120 53.335249 10.823322 0.243889
W C 482.0 682.0
F 353.582967 1315.805709 -2.074002
E 0.196680 52.772185 8.720040 0.213619
W C 482.0 682.0
F 343.558236 1280.856733 -1.873675
E 0.234249 52.726735 10.943877 0.250531
W C 482.0 682.0
F 338.497744 1247.013822 -1.705907
E 0.252651 52.278180 11.358665 0.264562
W C 482.0 682.0
F 338.174905 1212.706479 -1.545416
E 0.262881 51.653968 11.555317 0.273928
W C 482.0 682.0
F 345.473775 1179.112687 -1.363148
E 0.265834 50.880312 11.602915 0.277988
W C 482.0 682.0
F 348.171857 1179.017657 -1.338744
E 0.122302 16.089804 8.723295 0.217335
W C 482.0 682.0 1291.0 1881.0
F 364.993595 1151.713499 -1.106702
E -0.561926 12.802928 9.779650 0.214730
W C 482.0 682.0 1291.0 1881.0
F 384.485169 1127.344384 -0.945998
E -0.710492 13.431892 7.838029 0.196184
W C 482.0 682.0 1291.0 1881.0
F 410.046841 1094.049384 -0.903779
E -0.592578 12.988960 7.164760 0.155948
W C 482.0 682.0 1291.0 1881.0
F 411.298659 1094.033093 -0.885493
E -0.436671 11.381508 6.581663 0.147387
W C 482.0 682.0
F 441.051772 1061.048938 -0.856844
E -0.238410 14.697848 8.274677 0.177288
W C 482.0 682.0
F 473.121359 1028.354163 -0.819961
E -0.451584 10.895560 8.836542 0.136716
W C 482.0 682.0 1693.0 1043.0
F 504.339118 995.779972 -0.802673
E -0.745290 10.740657 8.248217 0.134675
W C 482.0 682.0 1693.0 1043.0
F 534.616044 963.863084 -0.796866
E -2.384550 7.609497 11.170208 0.132999
W C 482.0 682.0 1693.0 1043.0
F 534.851670 963.760067 -0.784168
E -2.385963 6.308949 9.208952 0.115013
W C 482.0 682.0 1693.0 1043.0
F 567.959898 933.568456 -0.754939
E -2.404542 6.323442 11.334733 0.130092
W C 482.0 682.0 1693.0 1043.0
F 602.367099 902.921042 -0.732340
E -2.373300 5.741183 12.463440 0.113894
W C 482.0 682.0 1693.0 1043.0 1291.0 1881.0
F 636.774682 873.332813 -0.715759
E -2.384452 5.376869 13.345160 0.113153
W C 482.0 682.0 1693.0 1043.0 1291.0 1881.0
F 670.098187 842.878930 -0.730999
E -2.499722 5.851658 15.282002 0.129921
W C 482.0 682.0 1693.0 1043.0
F 671.161413 842.153415 -0.724580
E -2.465457 4.578764 12.754156 0.102699
W C 482.0 682.0 1693.0 1043.0 1291.0 1881.0
F 706.690439 816.103358 -0.648410
E -2.445597 4.982115 14.177282 0.117871
W C 482.0 682.0 1693.0 1043.0 1291.0 1881.0
F 743.380956 792.298095 -0.582709
E -2.567922 6.086777 16.740496 0.145910
W C 482.0 682.0 1693.0 1043.0
F 784.928473 772.352623 -0.471834
E -2.660828 8.347974 20.484928 0.173187
W C 1693.0 1043.0
F 784.909981 772.758343 -0.467726
E -2.686059 6.851175 19.896501 0.154975
W C 1693.0 1043.0
F 826.903824 757.339850 -0.370667
E -2.718026 8.955067 23.731084 0.177638
W C 1693.0 1043.0
F 869.752046 744.643261 -0.288506
E -2.735900 9.764273 27.399691 0.185785
W C 1693.0 1043.0
F 914.603102 737.258382 -0.186108
E -2.732018 10.053734 30.712129 0.191682
W C 1693.0 1043.0
F 915.494224 737.879434 -0.178513
E -2.726410 8.049680 29.916768 0.171067
W C 1693.0 1043.0
F 961.053905 735.930861 -0.069528
E -2.430477 8.597649 17.815269 0.158932
W C 1693.0 1043.0 1291.0 1881.0
F 1004.374220 740.764041 0.086685
E -2.472864 10.528395 18.318498 0.223165
W C 1693.0 1043.0
F 1050.426847 750.423816 0.226326
E -2.627903 11.369559 22.003351 0.250867
W C 1693.0 1043.0
F 1089.372158 761.965196 0.326479
E -2.688257 11.212033 26.336530 0.253117
W C 1693.0 1043.0
F 1090.120973 762.969048 0.321649
E -2.421290 7.971047 14.470330 0.164904
W C 1693.0 1043.0 1291.0 1881.0
F 1126.725032 782.295805 0.440948
E -0.509676 12.868298 8.736158 0.169883
W C 1693.0 1043.0 1291.0 1881.0
F 1161.883233 805.738240 0.557372
E -0.330143 11.872844 8.735397 0.169239
W C 1693.0 1043.0 1291.0 1881.0
F 1194.937316 831.613813 0.664665
E -2.922366 11.002343 13.873874 0.220172
W C 1693.0 1043.0
F 1228.768453 857.971382 0.691206
E -0.656798 11.433202 9.508775 0.156761
W C 1693.0 1043.0 1291.0 1881.0
F 1229.068213 858.549846 0.698121
E -0.586518 9.394879 7.377438 0.132674
W C 1693.0 1043.0 1291.0 1881.0
F 1264.113646 888.201736 0.708485
E -0.051426 9.596261 8.516210 0.146069
W C 1693.0 1043.0 1291.0 1881.0
F 1297.925099 917.880126 0.724498
E 0.123927 9.792866 8.746561 0.144385
W C 1693.0 1043.0 1291.0 1881.0
F 1329.204641 948.830726 0.756101
E 0.331860 9.804845 8.787873 0.140971
W C 1693.0 1043.0 1291.0 1881.0
F 1329.267540 949.028496 0.765452
E 0.177061 7.927291 7.256654 0.120811
W C 1693.0 1043.0 1291.0 1881.0
F 1361.709084 982.529746 0.789447
E 0.680265 9.577369 7.639749 0.137589
W C 1693.0 1043.0 1291.0 1881.0
F 1391.217842 1013.776448 0.802563
E 0.760796 10.178775 7.813207 0.134972
W C 1693.0 1043.0 1291.0 1881.0
F 1420.854211 1047.571533 0.823494
E 2.369956 7.663081 10.781579 0.132194
W C 1693.0 1043.0 1291.0 1881.0
F 1452.980367 1079.568289 0.802298
E 2.375651 7.291327 11.568358 0.129635
W C 1693.0 1043.0 1291.0 1881.0
F 1452.815932 1080.100671 0.805410
E 2.376979 6.026492 9.622558 0.111623
W C 1693.0 1043.0 1291.0 1881.0
F 1484.792237 1111.905055 0.790071
E 0.778062 11.922881 6.068146 0.126701
W C 1693.0 1043.0 1291.0 1881.0
F 1512.353549 1144.041464 0.844558
E 0.734942 14.284752 6.272860 0.128529
W C 1693.0 1043.0 1291.0 1881.0
F 1539.613712 1177.381542 0.884018
E 0.692337 16.680870 6.302097 0.131279
W C 1693.0 1043.0 1291.0 1881.0
F 1540.435013 1175.667884 0.856014
E 0.676081 15.186715 5.171074 0.112565
W C 1693.0 1043.0 1291.0 1881.0
F 1566.546361 1208.783293 0.900291
E 0.647758 18.409973 5.686094 0.135243
W C 1693.0 1043.0 1291.0 1881.0
F 1592.154683 1244.304962 0.948136
E 0.574711 21.653018 6.313377 0.142600
W C 1693.0 1043.0 1291.0 1881.0
F 1615.341477 1282.052122 1.005399
E 0.508742 24.043213 6.693825 0.148481
W C 1693.0 1043.0 1291.0 1881.0
F 1616.002519 1282.454046 1.000697
E 0.523091 23.553002 5.891098 0.133343
W C 1291.0 1881.0
F 1635.050085 1324.922917 1.141670
E 0.600092 27.875811 8.474317 0.173734
W C 1291.0 1881.0
F 1648.311083 1369.888581 1.288221
E 0.657432 31.470879 9.645692 0.189993
W C 1291.0 1881.0
F 1656.181320 1415.328921 1.411825
E 0.695480 34.022778 9.892872 0.193442
W C 1291.0 1881.0
F 1662.448400 1459.151799 1.474098
E 0.728833 35.734082 9.750782 0.185750
W C 1291.0 1881.0
F 1665.247402 1460.223283 1.447891
E 0.734144 35.144967 7.895943 0.163683
W C 1291.0 1881.0
F 1672.975528 1505.480221 1.428044
E 0.777272 36.113913 8.743839 0.170073
W C 1291.0 1881.0
F 1678.810513 1550.260974 1.430497
E 2.404777 8.982813 36.707754 0.165449
W C 1291.0 1881.0
F 1680.709478 1596.290237 1.504290
E 2.477543 9.146824 37.474419 0.165953
W C 1291.0 1881.0
F 1680.778055 1642.998332 1.573001
E 2.558011 9.282976 38.202836 0.170073
W C 1291.0 1881.0
F 1683.915049 1644.634239 1.539842
E 2.565402 7.600119 37.912784 0.152266
W C 1291.0 1881.0
F 1681.955178 1691.800930 1.612937
E 2.653551 8.585824 38.599977 0.172053
W C 1291.0 1881.0
F 1678.158315 1738.993198 1.668700
E 2.745930 9.026578 39.148809 0.173675
W C 1291.0 1881.0
F 1670.394592 1785.376207 1.735918
E 2.843982 9.067256 39.603431 0.174156
W C 1291.0 1881.0
F 1672.113004 1788.094585 1.705385
E 2.849250 7.442977 39.418520 0.156968
W C 1291.0 1881.0
F 1664.873225 1834.785840 1.745089
E 2.956629 8.173091 39.935500 0.175890
W C 1291.0 1881.0
F 1652.369456 1877.385878 1.839656
E 3.049019 13.499800 40.727194 0.240744
W C 
F 1635.407781 1919.734587 1.936476
E 3.116970 22.555442 41.621244 0.293997
W C 
F 1615.168909 1958.858785 2.031043
E 3.087107 33.382414 42.599981 0.336364
W C 
F 1617.700037 1959.664000 2.010287
E -2.866231 11.521198 40.574366 0.197622
W C 383.0 1458.0
F 1594.484077 1997.916017 2.099745
E -2.764294 9.373648 41.129252 0.187339
W C 383.0 1458.0
F 1566.317138 2034.050916 2.203245
E -2.698879 8.620472 41.838373 0.173763
W C 383.0 1458.0
F 1537.467107 2067.721370 2.275971
E -2.655725 8.503347 42.791357 0.163199
W C 383.0 1458.0
F 1538.464556 2067.937143 2.264810
E -2.662763 6.989474 42.714024 0.141769
W C 383.0 1458.0
F 1506.591200 2098.998869 2.355035
E -2.623728 7.638295 44.009373 0.157751
W C 383.0 1458.0
F 1472.377362 2127.637098 2.438897
E -2.591602 8.338542 45.287295 0.156505
W C 383.0 1458.0
F 1434.501466 2152.860146 2.534178
E -2.560750 8.673465 46.523924 0.156812
W C 383.0 1458.0
F 1394.821758 2174.090093 2.628743
E -2.529790 8.834082 47.633929 0.159036
W C 383.0 1458.0
F 1394.907008 2174.372978 2.624899
E -2.530509 7.221575 47.577288 0.139722
W C 383.0 1458.0
F 1353.990283 2193.219617 2.692985
E -2.498681 8.119885 48.426418 0.156632
W C 383.0 1458.0
F 1314.137406 2212.950886 2.688401
E -2.469628 8.607764 49.143102 0.155962
W C 383.0 1458.0
F 1273.669851 2231.893403 2.696676
E -2.439335 8.723001 49.879943 0.155321
W C 383.0 1458.0
F 1273.608785 2231.416218 2.701790
E -2.436629 7.201130 49.772658 0.137928
W C 383.0 1458.0
F 1233.110414 2249.933793 2.707412
E -2.406052 7.875115 50.463013 0.153660
W C 383.0 1458.0
F 1192.585719 2268.556594 2.711425
E -2.373515 8.374206 51.129767 0.153604
W C 383.0 1458.0
F 1152.226947 2287.534849 2.708233
E -0.767961 51.772858 8.546501 0.152698
W C 383.0 1458.0
F 1111.923443 2307.704288 2.698834
E -0.731191 52.440242 8.571866 0.152722
W C 383.0 1458.0
F 1111.573799 2306.554351 2.710687
E -0.728162 52.367880 7.069880 0.135406
W C 383.0 1458.0
F 1068.575143 2320.460529 2.805194
E -0.689096 53.303504 7.798687 0.157652
W C 383.0 1458.0
F 1025.318708 2330.376591 2.897494
E -0.650268 54.064758 8.464492 0.159890
W C 383.0 1458.0
F 980.196854 2336.719622 2.988357
E -0.610708 54.723854 8.850698 0.162726
W C 383.0 1458.0
F 979.700699 2336.291192 2.992158
E -0.610705 54.677514 7.232475 0.143509
W C 383.0 1458.0
F 934.199920 2337.644303 3.091045
E -0.570552 55.156945 8.323211 0.164506
W C 383.0 1458.0
F 889.942498 2338.520297 -3.151028
E -0.535336 55.413817 8.832079 0.163066
W C 383.0 1458.0
F 845.696902 2339.334475 3.129561
E -0.499611 55.625048 8.913805 0.161311
W C 383.0 1458.0
F 801.713844 2339.623775 3.135351
E -0.462682 55.856900 8.834998 0.160461
W C 383.0 1458.0
F 801.947296 2338.631406 3.145609
E -0.460217 55.736649 7.307211 0.143754
W C 383.0 1458.0
F 757.560362 2337.888507 3.152433
E -0.422515 55.973364 7.957518 0.158759
W C 383.0 1458.0
F 713.183364 2338.142704 -3.136240
E -0.382531 56.217148 8.428472 0.158545
W C 383.0 1458.0
F 668.840867 2335.553299 -3.111229
E -0.340046 56.488432 8.571828 0.157080
W C 383.0 1458.0
F 668.941434 2334.576977 -3.101873
E -0.337446 56.400033 7.082891 0.140221
W C 383.0 1458.0
F 623.728511 2331.824237 -3.091876
E -0.293778 56.703805 7.772566 0.156764
W C 383.0 1458.0
F 579.617270 2330.551906 -3.099053
E -0.249705 56.996079 8.241278 0.156035
W C 383.0 1458.0
F 535.142601 2327.930313 -3.088791
E -0.202913 57.376353 8.412451 0.155386
W C 383.0 1458.0
F 535.367384 2327.140752 -3.080063
E -0.200698 57.322294 6.939611 0.138670
W C 383.0 1458.0
F 490.741126 2322.774311 -3.062231
E -0.153506 57.772174 7.527216 0.155063
W C 383.0 1458.0
F 446.365791 2318.117192 -3.050540
E -0.104865 58.258163 8.076189 0.155284
W C 383.0 1458.0
F 401.896656 2313.646845 -3.043767
E -0.054798 58.810848 8.294176 0.155145
W C 383.0 1458.0
F 359.518968 2307.609410 -3.024658
E -0.005811 59.396207 8.268656 0.154840
W C 383.0 1458.0
F 353.340036 2305.869710 -3.013060
E 0.002335 59.349303 6.972636 0.137717
W C 383.0 1458.0
F 353.355507 2305.643348 -3.011334
E 0.002967 59.335607 6.105686 0.128788
W C 383.0 1458.0
F 353.404278 2305.151224 -3.007353
E 0.003248 59.325019 5.561692 0.123288
W C 383.0 1458.0
F 353.440341 2304.625361 -3.003332
E 0.003374 59.316005 5.179354 0.119429
W C 383.0 1458.0
F 353.411130 2304.627717 -3.003788
E 0.003423 59.307951 4.890824 0.116495
W C 383.0 1458.0
F 353.394919 2304.495155 -3.003164
E 0.003433 59.300623 4.662200 0.114140
W C 383.0 1458.0
F 353.371755 2304.435891 -3.003129
E 0.003419 59.293860 4.474483 0.112176
W C 383.0 1458.0
F 353.351560 2304.334384 -3.002782
E 0.003391 59.287573 4.316145 0.110491
W C 383.0 1458.0
